-2.982074737548828 0 0 0.0398360083615882 0 0 0 0 0 0 0 0 0
-2.948600421822623 0 0 0.06606371093537 0 0 0 0 0 0 0 0 0
-2.9151261060964178 0 0 0.1069519808493434 0 0 0 0 0 0 0 0 0
-2.8816517903702126 0 0 0.0918321717031011 0 0 0 0 0 0 0 0 0
-2.8481774746440074 0 0 0.0610193566647925 0 0 0 0 0 0 0 0 0
-2.814703158917802 0 0 0.0873893769661049 0 0 0 0 0 0 0 0 0
-2.781228843191597 0 0 0.0951360755043422 0 0 0 0 0 0 0 0 0
-2.747754527465392 0 0 0.0926583888190184 0 0 0 0 0 0 0 0 0
-2.7142802117391867 0 0 0.1198450965645452 0 0 0 0 0 0 0 0 0
-2.6808058960129815 0 0 0.0460232646366729 0 0 0 0 0 0 0 0 0
-2.6473315802867763 0 0 0.0545546202289245 0 0 0 0 0 0 0 0 0
-2.613857264560571 0 0 0.0544772476519756 0 0 0 0 0 0 0 0 0
-2.580382948834366 0 0 0.0355978146098412 0 0 0 0 0 0 0 0 0
-2.5469086331081607 0 0 0.0999608863621305 0 0 0 0 0 0 0 0 0
-2.5134343173819556 0 0 0.0846397108648328 0 0 0 0 0 0 0 0 0
-2.4799600016557504 0 0 0.0710215110228461 0 0 0 0 0 0 0 0 0
-2.446485685929545 0 0 0.0752939181302553 0 0 0 0 0 0 0 0 0
-2.41301137020334 0 0 0.0904065119241236 0 0 0 0 0 0 0 0 0
-2.379537054477135 0 0 0.098178734640434 0 0 0 0 0 0 0 0 0
-2.3460627387509296 0 0 0.065823975287317 0 0 0 0 0 0 0 0 0
-2.3125884230247244 0 0 0.0394567940836891 0 0 0 0 0 0 0 0 0
-2.2791141072985193 0 0 0.0751056294626864 0 0 0 0 0 0 0 0 0
-2.245639791572314 0 0 0.0887247482661024 0 0 0 0 0 0 0 0 0
-2.212165475846109 0 0 0.0612970671160943 0 0 0 0 0 0 0 0 0
-2.1786911601199037 0 0 0.0508026143022413 0 0 0 0 0 0 0 0 0
-2.1452168443936985 0 0 0.0704857143051149 0 0 0 0 0 0 0 0 0
-2.1117425286674933 0 0 0.0653983494808028 0 0 0 0 0 0 0 0 0
-2.078268212941288 0 0 0.0631015391741845 0 0 0 0 0 0 0 0 0
-2.044793897215083 0 0 0.0889713688304708 0 0 0 0 0 0 0 0 0
-2.011319581488878 0 0 0.0365215167743261 0 0 0 0 0 0 0 0 0
-1.9778452657626726 0 0 0.1188980853342333 0 0 0 0 0 0 0 0 0
-1.9443709500364674 0 0 0.0457960903543835 0 0 0 0 0 0 0 0 0
-1.9108966343102622 0 0 0.0480648158057516 0 0 0 0 0 0 0 0 0
-1.877422318584057 0 0 0.0653091665839127 0 0 0 0 0 0 0 0 0
-1.8439480028578519 0 0 0.0331796051039136 0 0 0 0 0 0 0 0 0
-1.8104736871316467 0 0 0.1030315455585424 0 0 0 0 0 0 0 0 0
-1.7769993714054415 0 0 0.0731816098645302 0 0 0 0 0 0 0 0 0
-1.7435250556792363 0 0 0.1026238150225907 0 0 0 0 0 0 0 0 0
-1.7100507399530311 0 0 0.0400793785710564 0 0 0 0 0 0 0 0 0
-1.676576424226826 0 0 0.0818213961823791 0 0 0 0 0 0 0 0 0
-1.6431021085006208 0 0 0.0482172721733386 0 0 0 0 0 0 0 0 0
-1.6096277927744156 0 0 0.074324014245265 0 0 0 0 0 0 0 0 0
-1.5761534770482104 0 0 0.0482722572953008 0 0 0 0 0 0 0 0 0
-1.5426791613220052 0 0 0.0534963727661822 0 0 0 0 0 0 0 0 0
-1.5092048455958 0 0 0.0581809539967062 0 0 0 0 0 0 0 0 0
-1.4757305298695949 0 0 0.0571557120910067 0 0 0 0 0 0 0 0 0
-1.4422562141433897 0 0 0.1142982725164189 0 0 0 0 0 0 0 0 0
-1.4087818984171845 0 0 0.0627200578570785 0 0 0 0 0 0 0 0 0
-1.3753075826909793 0 0 0.0960271490221902 0 0 0 0 0 0 0 0 0
-1.3418332669647741 0 0 0.0488632809063169 0 0 0 0 0 0 0 0 0
-1.308358951238569 0 0 0.0615772679524324 0 0 0 0 0 0 0 0 0
-1.2748846355123638 0 0 0.0722072550959407 0 0 0 0 0 0 0 0 0
-1.2414103197861586 0 0 0.119335068120912 0 0 0 0 0 0 0 0 0
-1.2079360040599534 0 0 0.0946261383529807 0 0 0 0 0 0 0 0 0
-1.1744616883337482 0 0 0.0927322835145096 0 0 0 0 0 0 0 0 0
-1.140987372607543 0 0 0.1062343040939488 0 0 0 0 0 0 0 0 0
-1.1075130568813378 0 0 0.0938025201558423 0 0 0 0 0 0 0 0 0
-1.0740387411551326 0 0 0.032297962969549 0 0 0 0 0 0 0 0 0
-1.0405644254289275 0 0 0.0649319760191136 0 0 0 0 0 0 0 0 0
-1.0070901097027223 0 0 0.0824706175394191 0 0 0 0 0 0 0 0 0
-0.9736157939765171 0 0 0.0895364054313351 0 0 0 0 0 0 0 0 0
-0.9401414782503119 0 0 0.0789103836758753 0 0 0 0 0 0 0 0 0
-0.9066671625241067 0 0 0.0473302028531177 0 0 0 0 0 0 0 0 0
-0.8731928467979015 0 0 0.0690952722968467 0 0 0 0 0 0 0 0 0
-0.8397185310716964 0 0 0.1028856151513402 0 0 0 0 0 0 0 0 0
-0.8062442153454912 0 0 0.1016244430994871 0 0 0 0 0 0 0 0 0
-0.772769899619286 0 0 0.0867836703887749 0 0 0 0 0 0 0 0 0
-0.7392955838930808 0 0 0.0454526498210049 0 0 0 0 0 0 0 0 0
-0.7058212681668756 0 0 0.0521525523233505 0 0 0 0 0 0 0 0 0
-0.6723469524406704 0 0 0.1012734670786586 0 0 0 0 0 0 0 0 0
-0.6388726367144653 0 0 0.0483978638821907 0 0 0 0 0 0 0 0 0
-0.6053983209882601 0 0 0.1047999384393702 0 0 0 0 0 0 0 0 0
-0.5719240052620549 0 0 0.0550450081618807 0 0 0 0 0 0 0 0 0
-0.5384496895358497 0 0 0.0714739216898188 0 0 0 0 0 0 0 0 0
-0.5049753738096445 0 0 0.1176843515638957 0 0 0 0 0 0 0 0 0
-0.47150105808343934 0 0 0.1140833388758992 0 0 0 0 0 0 0 0 0
-0.43802674235723416 0 0 0.0766280017119376 0 0 0 0 0 0 0 0 0
-0.40455242663102897 0 0 0.1036937305793726 0 0 0 0 0 0 0 0 0
-0.3710781109048238 0 0 0.1019571649111296 0 0 0 0 0 0 0 0 0
-0.3376037951786186 0 0 0.0603908990189223 0 0 0 0 0 0 0 0 0
-0.3041294794524134 0 0 0.1007072577956091 0 0 0 0 0 0 0 0 0
-0.27065516372620824 0 0 0.058693052509126 0 0 0 0 0 0 0 0 0
-0.23718084800000305 0 0 0.087736921886959 0 0 0 0 0 0 0 0 0
-0.20370653227379787 0 0 0.0588433478216092 0 0 0 0 0 0 0 0 0
-0.17023221654759269 0 0 0.0604950627178941 0 0 0 0 0 0 0 0 0
-0.1367579008213875 0 0 0.0513293361436096 0 0 0 0 0 0 0 0 0
-0.10328358509518232 0 0 0.108443739281902 0 0 0 0 0 0 0 0 0
-0.06980926936897713 0 0 0.0710237111351705 0 0 0 0 0 0 0 0 0
-0.03633495364277195 0 0 0.0368939825853513 0 0 0 0 0 0 0 0 0
-0.002860637916566766 0 0 0.0700751785885281 0 0 0 0 0 0 0 0 0
0.030613677809638418 0 0 0.0821914665089503 0 0 0 0 0 0 0 0 0
0.0640879935358436 0 0 0.0612244428348498 0 0 0 0 0 0 0 0 0
0.09756230926204879 0 0 0.0485385253600514 0 0 0 0 0 0 0 0 0
0.13103662498825397 0 0 0.0645285842380886 0 0 0 0 0 0 0 0 0
0.16451094071445915 0 0 0.0327337725638526 0 0 0 0 0 0 0 0 0
0.19798525644066434 0 0 0.075374101473886 0 0 0 0 0 0 0 0 0
0.23145957216686952 0 0 0.091510638142576 0 0 0 0 0 0 0 0 0
0.2649338878930747 0 0 0.083736564862286 0 0 0 0 0 0 0 0 0
0.2984082036192799 0 0 0.078191547478045 0 0 0 0 0 0 0 0 0
0.33188251934548507 0 0 0.1016516933350358 0 0 0 0 0 0 0 0 0
0.36535683507169026 0 0 0.0465595649780812 0 0 0 0 0 0 0 0 0
0.39883115079789544 0 0 0.0795537997660551 0 0 0 0 0 0 0 0 0
0.4323054665241006 0 0 0.0375811073361934 0 0 0 0 0 0 0 0 0
0.4657797822503058 0 0 0.0524569935512577 0 0 0 0 0 0 0 0 0
0.499254097976511 0 0 0.0979554321604315 0 0 0 0 0 0 0 0 0
0.5327284137027162 0 0 0.0446653009316751 0 0 0 0 0 0 0 0 0
0.5662027294289214 0 0 0.1019370836942206 0 0 0 0 0 0 0 0 0
0.5996770451551265 0 0 0.0584790891228893 0 0 0 0 0 0 0 0 0
0.6331513608813317 0 0 0.0863091690630835 0 0 0 0 0 0 0 0 0
0.6666256766075369 0 0 0.1144513714043335 0 0 0 0 0 0 0 0 0
0.7000999923337421 0 0 0.101951269938493 0 0 0 0 0 0 0 0 0
0.7335743080599473 0 0 0.0926650699981892 0 0 0 0 0 0 0 0 0
0.7670486237861525 0 0 0.075172388793859 0 0 0 0 0 0 0 0 0
0.8005229395123576 0 0 0.1063190586312232 0 0 0 0 0 0 0 0 0
0.8339972552385628 0 0 0.0763453769028904 0 0 0 0 0 0 0 0 0
0.867471570964768 0 0 0.1045440541490835 0 0 0 0 0 0 0 0 0
0.9009458866909732 0 0 0.0838426820159333 0 0 0 0 0 0 0 0 0
0.9344202024171784 0 0 0.0715948571664981 0 0 0 0 0 0 0 0 0
0.9678945181433836 0 0 0.0417290662938556 0 0 0 0 0 0 0 0 0
1.0013688338695887 0 0 0.1185729222602228 0 0 0 0 0 0 0 0 0
1.034843149595794 0 0 0.1155469481662451 0 0 0 0 0 0 0 0 0
1.0683174653219991 0 0 0.0917773257999404 0 0 0 0 0 0 0 0 0
1.1017917810482043 0 0 0.067890570312331 0 0 0 0 0 0 0 0 0
1.1352660967744095 0 0 0.0910098054385647 0 0 0 0 0 0 0 0 0
1.1687404125006147 0 0 0.0627983825772023 0 0 0 0 0 0 0 0 0
1.2022147282268199 0 0 0.0711387642978406 0 0 0 0 0 0 0 0 0
1.235689043953025 0 0 0.0864803973823533 0 0 0 0 0 0 0 0 0
1.2691633596792302 0 0 0.1173244727107557 0 0 0 0 0 0 0 0 0
1.3026376754054354 0 0 0.0951730298953963 0 0 0 0 0 0 0 0 0
1.3361119911316406 0 0 0.0992990006763419 0 0 0 0 0 0 0 0 0
1.3695863068578458 0 0 0.090015102765997 0 0 0 0 0 0 0 0 0
1.403060622584051 0 0 0.039903821507921 0 0 0 0 0 0 0 0 0
1.4365349383102561 0 0 0.0979569233463461 0 0 0 0 0 0 0 0 0
1.4700092540364613 0 0 0.0384910496857975 0 0 0 0 0 0 0 0 0
1.5034835697626665 0 0 0.0504743688649949 0 0 0 0 0 0 0 0 0
1.5369578854888717 0 0 0.0594624427826618 0 0 0 0 0 0 0 0 0
1.5704322012150769 0 0 0.1063866858686125 0 0 0 0 0 0 0 0 0
1.603906516941282 0 0 0.1008002236899112 0 0 0 0 0 0 0 0 0
1.6373808326674872 0 0 0.0660992860651014 0 0 0 0 0 0 0 0 0
1.6708551483936924 0 0 0.0469365585548576 0 0 0 0 0 0 0 0 0
1.7043294641198976 0 0 0.0733242630312813 0 0 0 0 0 0 0 0 0
1.7378037798461028 0 0 0.0680891488076852 0 0 0 0 0 0 0 0 0
1.771278095572308 0 0 0.078454337899567 0 0 0 0 0 0 0 0 0
1.8047524112985132 0 0 0.1189780140993989 0 0 0 0 0 0 0 0 0
1.8382267270247183 0 0 0.1057112041241894 0 0 0 0 0 0 0 0 0
1.8717010427509235 0 0 0.0558759498934834 0 0 0 0 0 0 0 0 0
1.9051753584771287 0 0 0.0863018230645324 0 0 0 0 0 0 0 0 0
1.938649674203334 0 0 0.1133624773689144 0 0 0 0 0 0 0 0 0
1.972123989929539 0 0 0.0678546380649863 0 0 0 0 0 0 0 0 0
2.0055983056557443 0 0 0.1087526973524024 0 0 0 0 0 0 0 0 0
2.0390726213819494 0 0 0.0413969341068493 0 0 0 0 0 0 0 0 0
2.0725469371081546 0 0 0.0331253166487721 0 0 0 0 0 0 0 0 0
2.10602125283436 0 0 0.0607269608688924 0 0 0 0 0 0 0 0 0
2.139495568560565 0 0 0.1100592970568997 0 0 0 0 0 0 0 0 0
2.17296988428677 0 0 0.0554468454105549 0 0 0 0 0 0 0 0 0
2.2064442000129754 0 0 0.0943303465093097 0 0 0 0 0 0 0 0 0
2.2399185157391805 0 0 0.0889180140224737 0 0 0 0 0 0 0 0 0
2.2733928314653857 0 0 0.0829970354218288 0 0 0 0 0 0 0 0 0
2.306867147191591 0 0 0.0426828514380651 0 0 0 0 0 0 0 0 0
2.340341462917796 0 0 0.0781103536784245 0 0 0 0 0 0 0 0 0
2.3738157786440013 0 0 0.0883442911708469 0 0 0 0 0 0 0 0 0
2.4072900943702065 0 0 0.1102583556381733 0 0 0 0 0 0 0 0 0
2.4407644100964117 0 0 0.068356909431938 0 0 0 0 0 0 0 0 0
2.474238725822617 0 0 0.0572506523360075 0 0 0 0 0 0 0 0 0
2.507713041548822 0 0 0.0652519581426021 0 0 0 0 0 0 0 0 0
2.541187357275027 0 0 0.0391769747014946 0 0 0 0 0 0 0 0 0
2.5746616730012324 0 0 0.0348801468782919 0 0 0 0 0 0 0 0 0
2.6081359887274376 0 0 0.0688333131070208 0 0 0 0 0 0 0 0 0
2.6416103044536428 0 0 0.1069719925890419 0 0 0 0 0 0 0 0 0
2.675084620179848 0 0 0.1190696761474405 0 0 0 0 0 0 0 0 0
2.708558935906053 0 0 0.0649678277439084 0 0 0 0 0 0 0 0 0
2.7420332516322583 0 0 0.0909129817523162 0 0 0 0 0 0 0 0 0
2.7755075673584635 0 0 0.10769013850752 0 0 0 0 0 0 0 0 0
2.8089818830846687 0 0 0.0382477195755044 0 0 0 0 0 0 0 0 0
2.842456198810874 0 0 0.0337156303107489 0 0 0 0 0 0 0 0 0
2.875930514537079 0 0 0.0847164843845254 0 0 0 0 0 0 0 0 0
2.9094048302632842 0 0 0.0326327446662151 0 0 0 0 0 0 0 0 0
2.9428791459894894 0 0 0.0677905562150433 0 0 0 0 0 0 0 0 0
2.9763534617156946 0 0 0.1181426573206633 0 0 0 0 0 0 0 0 0
3.0098277774418998 0 0 0.0979091729891595 0 0 0 0 0 0 0 0 0
3.043302093168105 0 0 0.0917650642674874 0 0 0 0 0 0 0 0 0
3.07677640889431 0 0 0.1046092158568551 0 0 0 0 0 0 0 0 0
3.1102507246205153 0 0 0.0345219433202396 0 0 0 0 0 0 0 0 0
3.1437250403467205 0 0 0.0391967201916401 0 0 0 0 0 0 0 0 0
3.1771993560729257 0 0 0.0418822299855154 0 0 0 0 0 0 0 0 0
3.210673671799131 0 0 0.1154762370080351 0 0 0 0 0 0 0 0 0
3.244147987525336 0 0 0.0960903134035961 0 0 0 0 0 0 0 0 0
3.2776223032515412 0 0 0.1058118967646668 0 0 0 0 0 0 0 0 0
3.3110966189777464 0 0 0.0585635398143301 0 0 0 0 0 0 0 0 0
3.3445709347039516 0 0 0.0457391596575111 0 0 0 0 0 0 0 0 0
3.378045250430157 0 0 0.0550348557670409 0 0 0 0 0 0 0 0 0
3.411519566156362 0 0 0.1116066944819255 0 0 0 0 0 0 0 0 0
3.444993881882567 0 0 0.0882216376254576 0 0 0 0 0 0 0 0 0
3.4784681976087723 0 0 0.0686383959283869 0 0 0 0 0 0 0 0 0
3.5119425133349775 0 0 0.0856596673585941 0 0 0 0 0 0 0 0 0
3.5454168290611827 0 0 0.0726056054012779 0 0 0 0 0 0 0 0 0
3.578891144787388 0 0 0.0526626140456566 0 0 0 0 0 0 0 0 0
3.612365460513593 0 0 0.0607194016985453 0 0 0 0 0 0 0 0 0
3.6458397762397983 0 0 0.0561003028523645 0 0 0 0 0 0 0 0 0
3.6793140919660035 0 0 0.1034789937265581 0 0 0 0 0 0 0 0 0
3.7127884076922086 0 0 0.0518461745504597 0 0 0 0 0 0 0 0 0
3.746262723418414 0 0 0.1143964360136178 0 0 0 0 0 0 0 0 0
3.779737039144619 0 0 0.1071419355587833 0 0 0 0 0 0 0 0 0
3.813211354870824 0 0 0.0729745622714183 0 0 0 0 0 0 0 0 0
3.8466856705970294 0 0 0.0668138972798349 0 0 0 0 0 0 0 0 0
3.8801599863232346 0 0 0.1148592664689101 0 0 0 0 0 0 0 0 0
3.9136343020494397 0 0 0.0580125422136308 0 0 0 0 0 0 0 0 0
3.947108617775645 0 0 0.1173148106448544 0 0 0 0 0 0 0 0 0
3.98058293350185 0 0 0.0427635171149162 0 0 0 0 0 0 0 0 0
4.014057249228055 0 0 0.0766127232100678 0 0 0 0 0 0 0 0 0
4.0475315649542605 0 0 0.0468622313036129 0 0 0 0 0 0 0 0 0
4.081005880680466 0 0 0.0800096269440611 0 0 0 0 0 0 0 0 0
4.114480196406671 0 0 0.0525951798433822 0 0 0 0 0 0 0 0 0
4.147954512132876 0 0 0.0397670488626896 0 0 0 0 0 0 0 0 0
4.181428827859081 0 0 0.0588456594530488 0 0 0 0 0 0 0 0 0
4.214903143585286 0 0 0.100980752230366 0 0 0 0 0 0 0 0 0
4.248377459311492 0 0 0.0858962063103682 0 0 0 0 0 0 0 0 0
4.281851775037697 0 0 0.0769021105833785 0 0 0 0 0 0 0 0 0
4.315326090763902 0 0 0.0668659119587788 0 0 0 0 0 0 0 0 0
4.348800406490107 0 0 0.1069480606086201 0 0 0 0 0 0 0 0 0
4.382274722216312 0 0 0.0533911126648375 0 0 0 0 0 0 0 0 0
4.4157490379425175 0 0 0.0848417116138249 0 0 0 0 0 0 0 0 0
4.449223353668723 0 0 0.0385719802538943 0 0 0 0 0 0 0 0 0
4.482697669394928 0 0 0.0938313567800118 0 0 0 0 0 0 0 0 0
4.516171985121133 0 0 0.081329705882293 0 0 0 0 0 0 0 0 0
4.549646300847338 0 0 0.0951866049300471 0 0 0 0 0 0 0 0 0
4.583120616573543 0 0 0.1000438200445476 0 0 0 0 0 0 0 0 0
4.616594932299749 0 0 0.1096931823362297 0 0 0 0 0 0 0 0 0
4.650069248025954 0 0 0.0430886125316119 0 0 0 0 0 0 0 0 0
4.683543563752159 0 0 0.0609427894891992 0 0 0 0 0 0 0 0 0
4.717017879478364 0 0 0.0460191667654629 0 0 0 0 0 0 0 0 0
4.750492195204569 0 0 0.0427891936220514 0 0 0 0 0 0 0 0 0
4.7839665109307745 0 0 0.0777068329024248 0 0 0 0 0 0 0 0 0
4.81744082665698 0 0 0.1187760682844383 0 0 0 0 0 0 0 0 0
4.850915142383185 0 0 0.1004436813296798 0 0 0 0 0 0 0 0 0
4.88438945810939 0 0 0.0399241085564091 0 0 0 0 0 0 0 0 0
4.917863773835595 0 0 0.0746837589321445 0 0 0 0 0 0 0 0 0
4.9513380895618 0 0 0.0556027014617698 0 0 0 0 0 0 0 0 0
4.984812405288006 0 0 0.09905105416546 0 0 0 0 0 0 0 0 0
5.01828672101421 0 0 0.0403379886116084 0 0 0 0 0 0 0 0 0
5.051761036740416 0 0 0.0494628302440871 0 0 0 0 0 0 0 0 0
5.085235352466622 0 0 0.0461625662954229 0 0 0 0 0 0 0 0 0
5.118709668192826 0 0 0.0751752144579749 0 0 0 0 0 0 0 0 0
5.152183983919031 0 0 0.038944340301056 0 0 0 0 0 0 0 0 0
5.185658299645237 0 0 0.0833360973090424 0 0 0 0 0 0 0 0 0
5.219132615371443 0 0 0.0866657465393971 0 0 0 0 0 0 0 0 0
5.252606931097647 0 0 0.1105948165634544 0 0 0 0 0 0 0 0 0
5.286081246823851 0 0 0.0685552313426879 0 0 0 0 0 0 0 0 0
5.3195555625500575 0 0 0.119396032301554 0 0 0 0 0 0 0 0 0
5.3530298782762635 0 0 0.0481948265521881 0 0 0 0 0 0 0 0 0
5.386504194002468 0 0 0.1158231955149875 0 0 0 0 0 0 0 0 0
5.419978509728672 0 0 0.0709441788348927 0 0 0 0 0 0 0 0 0
5.453452825454878 0 0 0.0452189946635464 0 0 0 0 0 0 0 0 0
5.486927141181084 0 0 0.0833948519587465 0 0 0 0 0 0 0 0 0
5.520401456907289 0 0 0.0829401602976286 0 0 0 0 0 0 0 0 0
5.553875772633493 0 0 0.0694098307945189 0 0 0 0 0 0 0 0 0
5.587350088359699 0 0 0.106215475612839 0 0 0 0 0 0 0 0 0
5.620824404085905 0 0 0.0377284129377172 0 0 0 0 0 0 0 0 0
5.654298719812109 0 0 0.0512827882774155 0 0 0 0 0 0 0 0 0
5.687773035538314 0 0 0.044113908203988 0 0 0 0 0 0 0 0 0
5.72124735126452 0 0 0.1099808082140708 0 0 0 0 0 0 0 0 0
5.754721666990726 0 0 0.0966286081604894 0 0 0 0 0 0 0 0 0
5.78819598271693 0 0 0.0720117266154006 0 0 0 0 0 0 0 0 0
