0 -9.210018157958984 0 0.0398360083615882 0 0 0 0 0 0 0 0 0
0 -9.157908975191798 0 0.06606371093537 0 0 0 0 0 0 0 0 0
0 -9.105799792424612 0 0.1069519808493434 0 0 0 0 0 0 0 0 0
0 -9.053690609657426 0 0.0918321717031011 0 0 0 0 0 0 0 0 0
0 -9.00158142689024 0 0.0610193566647925 0 0 0 0 0 0 0 0 0
0 -8.949472244123054 0 0.0873893769661049 0 0 0 0 0 0 0 0 0
0 -8.897363061355868 0 0.0951360755043422 0 0 0 0 0 0 0 0 0
0 -8.845253878588682 0 0.0926583888190184 0 0 0 0 0 0 0 0 0
0 -8.793144695821496 0 0.1198450965645452 0 0 0 0 0 0 0 0 0
0 -8.74103551305431 0 0.0460232646366729 0 0 0 0 0 0 0 0 0
0 -8.688926330287124 0 0.0545546202289245 0 0 0 0 0 0 0 0 0
0 -8.636817147519938 0 0.0544772476519756 0 0 0 0 0 0 0 0 0
0 -8.584707964752752 0 0.0355978146098412 0 0 0 0 0 0 0 0 0
0 -8.532598781985566 0 0.0999608863621305 0 0 0 0 0 0 0 0 0
0 -8.48048959921838 0 0.0846397108648328 0 0 0 0 0 0 0 0 0
0 -8.428380416451194 0 0.0710215110228461 0 0 0 0 0 0 0 0 0
0 -8.376271233684008 0 0.0752939181302553 0 0 0 0 0 0 0 0 0
0 -8.324162050916822 0 0.0904065119241236 0 0 0 0 0 0 0 0 0
0 -8.272052868149636 0 0.098178734640434 0 0 0 0 0 0 0 0 0
0 -8.21994368538245 0 0.065823975287317 0 0 0 0 0 0 0 0 0
0 -8.167834502615264 0 0.0394567940836891 0 0 0 0 0 0 0 0 0
0 -8.115725319848078 0 0.0751056294626864 0 0 0 0 0 0 0 0 0
0 -8.063616137080892 0 0.0887247482661024 0 0 0 0 0 0 0 0 0
0 -8.011506954313706 0 0.0612970671160943 0 0 0 0 0 0 0 0 0
0 -7.95939777154652 0 0.0508026143022413 0 0 0 0 0 0 0 0 0
0 -7.907288588779334 0 0.0704857143051149 0 0 0 0 0 0 0 0 0
0 -7.855179406012148 0 0.0653983494808028 0 0 0 0 0 0 0 0 0
0 -7.803070223244962 0 0.0631015391741845 0 0 0 0 0 0 0 0 0
0 -7.750961040477776 0 0.0889713688304708 0 0 0 0 0 0 0 0 0
0 -7.69885185771059 0 0.0365215167743261 0 0 0 0 0 0 0 0 0
0 -7.646742674943404 0 0.1188980853342333 0 0 0 0 0 0 0 0 0
0 -7.594633492176218 0 0.0457960903543835 0 0 0 0 0 0 0 0 0
0 -7.542524309409032 0 0.0480648158057516 0 0 0 0 0 0 0 0 0
0 -7.490415126641846 0 0.0653091665839127 0 0 0 0 0 0 0 0 0
0 -7.43830594387466 0 0.0331796051039136 0 0 0 0 0 0 0 0 0
0 -7.386196761107474 0 0.1030315455585424 0 0 0 0 0 0 0 0 0
0 -7.334087578340288 0 0.0731816098645302 0 0 0 0 0 0 0 0 0
0 -7.281978395573102 0 0.1026238150225907 0 0 0 0 0 0 0 0 0
0 -7.229869212805916 0 0.0400793785710564 0 0 0 0 0 0 0 0 0
0 -7.17776003003873 0 0.0818213961823791 0 0 0 0 0 0 0 0 0
0 -7.125650847271544 0 0.0482172721733386 0 0 0 0 0 0 0 0 0
0 -7.073541664504358 0 0.074324014245265 0 0 0 0 0 0 0 0 0
0 -7.021432481737172 0 0.0482722572953008 0 0 0 0 0 0 0 0 0
0 -6.969323298969986 0 0.0534963727661822 0 0 0 0 0 0 0 0 0
0 -6.9172141162028 0 0.0581809539967062 0 0 0 0 0 0 0 0 0
0 -6.865104933435614 0 0.0571557120910067 0 0 0 0 0 0 0 0 0
0 -6.812995750668428 0 0.1142982725164189 0 0 0 0 0 0 0 0 0
0 -6.760886567901242 0 0.0627200578570785 0 0 0 0 0 0 0 0 0
0 -6.708777385134056 0 0.0960271490221902 0 0 0 0 0 0 0 0 0
0 -6.65666820236687 0 0.0488632809063169 0 0 0 0 0 0 0 0 0
0 -6.604559019599684 0 0.0615772679524324 0 0 0 0 0 0 0 0 0
0 -6.552449836832498 0 0.0722072550959407 0 0 0 0 0 0 0 0 0
0 -6.500340654065312 0 0.119335068120912 0 0 0 0 0 0 0 0 0
0 -6.448231471298126 0 0.0946261383529807 0 0 0 0 0 0 0 0 0
0 -6.39612228853094 0 0.0927322835145096 0 0 0 0 0 0 0 0 0
0 -6.344013105763754 0 0.1062343040939488 0 0 0 0 0 0 0 0 0
0 -6.291903922996568 0 0.0938025201558423 0 0 0 0 0 0 0 0 0
0 -6.239794740229382 0 0.032297962969549 0 0 0 0 0 0 0 0 0
0 -6.187685557462196 0 0.0649319760191136 0 0 0 0 0 0 0 0 0
0 -6.13557637469501 0 0.0824706175394191 0 0 0 0 0 0 0 0 0
0 -6.083467191927824 0 0.0895364054313351 0 0 0 0 0 0 0 0 0
0 -6.031358009160638 0 0.0789103836758753 0 0 0 0 0 0 0 0 0
0 -5.979248826393452 0 0.0473302028531177 0 0 0 0 0 0 0 0 0
0 -5.9271396436262656 0 0.0690952722968467 0 0 0 0 0 0 0 0 0
0 -5.8750304608590795 0 0.1028856151513402 0 0 0 0 0 0 0 0 0
0 -5.8229212780918935 0 0.1016244430994871 0 0 0 0 0 0 0 0 0
0 -5.7708120953247075 0 0.0867836703887749 0 0 0 0 0 0 0 0 0
0 -5.7187029125575215 0 0.0454526498210049 0 0 0 0 0 0 0 0 0
0 -5.6665937297903355 0 0.0521525523233505 0 0 0 0 0 0 0 0 0
0 -5.6144845470231495 0 0.1012734670786586 0 0 0 0 0 0 0 0 0
0 -5.5623753642559635 0 0.0483978638821907 0 0 0 0 0 0 0 0 0
0 -5.5102661814887774 0 0.1047999384393702 0 0 0 0 0 0 0 0 0
0 -5.458156998721591 0 0.0550450081618807 0 0 0 0 0 0 0 0 0
0 -5.406047815954405 0 0.0714739216898188 0 0 0 0 0 0 0 0 0
0 -5.353938633187219 0 0.1176843515638957 0 0 0 0 0 0 0 0 0
0 -5.301829450420033 0 0.1140833388758992 0 0 0 0 0 0 0 0 0
0 -5.249720267652847 0 0.0766280017119376 0 0 0 0 0 0 0 0 0
0 -5.197611084885661 0 0.1036937305793726 0 0 0 0 0 0 0 0 0
0 -5.145501902118475 0 0.1019571649111296 0 0 0 0 0 0 0 0 0
0 -5.093392719351289 0 0.0603908990189223 0 0 0 0 0 0 0 0 0
0 -5.041283536584103 0 0.1007072577956091 0 0 0 0 0 0 0 0 0
0 -4.989174353816917 0 0.058693052509126 0 0 0 0 0 0 0 0 0
0 -4.937065171049731 0 0.087736921886959 0 0 0 0 0 0 0 0 0
0 -4.884955988282545 0 0.0588433478216092 0 0 0 0 0 0 0 0 0
0 -4.832846805515359 0 0.0604950627178941 0 0 0 0 0 0 0 0 0
0 -4.780737622748173 0 0.0513293361436096 0 0 0 0 0 0 0 0 0
0 -4.728628439980987 0 0.108443739281902 0 0 0 0 0 0 0 0 0
0 -4.676519257213801 0 0.0710237111351705 0 0 0 0 0 0 0 0 0
0 -4.624410074446615 0 0.0368939825853513 0 0 0 0 0 0 0 0 0
0 -4.572300891679429 0 0.0700751785885281 0 0 0 0 0 0 0 0 0
0 -4.520191708912243 0 0.0821914665089503 0 0 0 0 0 0 0 0 0
0 -4.468082526145057 0 0.0612244428348498 0 0 0 0 0 0 0 0 0
0 -4.415973343377871 0 0.0485385253600514 0 0 0 0 0 0 0 0 0
0 -4.363864160610685 0 0.0645285842380886 0 0 0 0 0 0 0 0 0
0 -4.311754977843499 0 0.0327337725638526 0 0 0 0 0 0 0 0 0
0 -4.259645795076313 0 0.075374101473886 0 0 0 0 0 0 0 0 0
0 -4.207536612309127 0 0.091510638142576 0 0 0 0 0 0 0 0 0
0 -4.155427429541941 0 0.083736564862286 0 0 0 0 0 0 0 0 0
0 -4.103318246774755 0 0.078191547478045 0 0 0 0 0 0 0 0 0
0 -4.051209064007569 0 0.1016516933350358 0 0 0 0 0 0 0 0 0
0 -3.999099881240383 0 0.0465595649780812 0 0 0 0 0 0 0 0 0
0 -3.946990698473197 0 0.0795537997660551 0 0 0 0 0 0 0 0 0
0 -3.894881515706011 0 0.0375811073361934 0 0 0 0 0 0 0 0 0
0 -3.842772332938825 0 0.0524569935512577 0 0 0 0 0 0 0 0 0
0 -3.790663150171639 0 0.0979554321604315 0 0 0 0 0 0 0 0 0
0 -3.738553967404453 0 0.0446653009316751 0 0 0 0 0 0 0 0 0
0 -3.686444784637267 0 0.1019370836942206 0 0 0 0 0 0 0 0 0
0 -3.634335601870081 0 0.0584790891228893 0 0 0 0 0 0 0 0 0
0 -3.582226419102895 0 0.0863091690630835 0 0 0 0 0 0 0 0 0
0 -3.530117236335709 0 0.1144513714043335 0 0 0 0 0 0 0 0 0
0 -3.478008053568523 0 0.101951269938493 0 0 0 0 0 0 0 0 0
0 -3.425898870801337 0 0.0926650699981892 0 0 0 0 0 0 0 0 0
0 -3.373789688034151 0 0.075172388793859 0 0 0 0 0 0 0 0 0
0 -3.321680505266965 0 0.1063190586312232 0 0 0 0 0 0 0 0 0
0 -3.269571322499779 0 0.0763453769028904 0 0 0 0 0 0 0 0 0
0 -3.217462139732593 0 0.1045440541490835 0 0 0 0 0 0 0 0 0
0 -3.165352956965407 0 0.0838426820159333 0 0 0 0 0 0 0 0 0
0 -3.113243774198221 0 0.0715948571664981 0 0 0 0 0 0 0 0 0
0 -3.061134591431035 0 0.0417290662938556 0 0 0 0 0 0 0 0 0
0 -3.009025408663849 0 0.1185729222602228 0 0 0 0 0 0 0 0 0
0 -2.956916225896663 0 0.1155469481662451 0 0 0 0 0 0 0 0 0
0 -2.904807043129477 0 0.0917773257999404 0 0 0 0 0 0 0 0 0
0 -2.852697860362291 0 0.067890570312331 0 0 0 0 0 0 0 0 0
0 -2.8005886775951048 0 0.0910098054385647 0 0 0 0 0 0 0 0 0
0 -2.7484794948279188 0 0.0627983825772023 0 0 0 0 0 0 0 0 0
0 -2.6963703120607327 0 0.0711387642978406 0 0 0 0 0 0 0 0 0
0 -2.6442611292935467 0 0.0864803973823533 0 0 0 0 0 0 0 0 0
0 -2.5921519465263607 0 0.1173244727107557 0 0 0 0 0 0 0 0 0
0 -2.5400427637591747 0 0.0951730298953963 0 0 0 0 0 0 0 0 0
0 -2.4879335809919887 0 0.0992990006763419 0 0 0 0 0 0 0 0 0
0 -2.4358243982248027 0 0.090015102765997 0 0 0 0 0 0 0 0 0
0 -2.3837152154576167 0 0.039903821507921 0 0 0 0 0 0 0 0 0
0 -2.3316060326904307 0 0.0979569233463461 0 0 0 0 0 0 0 0 0
0 -2.2794968499232446 0 0.0384910496857975 0 0 0 0 0 0 0 0 0
0 -2.2273876671560586 0 0.0504743688649949 0 0 0 0 0 0 0 0 0
0 -2.1752784843888726 0 0.0594624427826618 0 0 0 0 0 0 0 0 0
0 -2.1231693016216866 0 0.1063866858686125 0 0 0 0 0 0 0 0 0
0 -2.0710601188545006 0 0.1008002236899112 0 0 0 0 0 0 0 0 0
0 -2.0189509360873146 0 0.0660992860651014 0 0 0 0 0 0 0 0 0
0 -1.9668417533201286 0 0.0469365585548576 0 0 0 0 0 0 0 0 0
0 -1.9147325705529425 0 0.0733242630312813 0 0 0 0 0 0 0 0 0
0 -1.8626233877857565 0 0.0680891488076852 0 0 0 0 0 0 0 0 0
0 -1.8105142050185705 0 0.078454337899567 0 0 0 0 0 0 0 0 0
0 -1.7584050222513845 0 0.1189780140993989 0 0 0 0 0 0 0 0 0
0 -1.7062958394841985 0 0.1057112041241894 0 0 0 0 0 0 0 0 0
0 -1.6541866567170125 0 0.0558759498934834 0 0 0 0 0 0 0 0 0
0 -1.6020774739498265 0 0.0863018230645324 0 0 0 0 0 0 0 0 0
0 -1.5499682911826405 0 0.1133624773689144 0 0 0 0 0 0 0 0 0
0 -1.4978591084154544 0 0.0678546380649863 0 0 0 0 0 0 0 0 0
0 -1.4457499256482684 0 0.1087526973524024 0 0 0 0 0 0 0 0 0
0 -1.3936407428810824 0 0.0413969341068493 0 0 0 0 0 0 0 0 0
0 -1.3415315601138964 0 0.0331253166487721 0 0 0 0 0 0 0 0 0
0 -1.2894223773467104 0 0.0607269608688924 0 0 0 0 0 0 0 0 0
0 -1.2373131945795244 0 0.1100592970568997 0 0 0 0 0 0 0 0 0
0 -1.1852040118123384 0 0.0554468454105549 0 0 0 0 0 0 0 0 0
0 -1.1330948290451524 0 0.0943303465093097 0 0 0 0 0 0 0 0 0
0 -1.0809856462779663 0 0.0889180140224737 0 0 0 0 0 0 0 0 0
0 -1.0288764635107803 0 0.0829970354218288 0 0 0 0 0 0 0 0 0
0 -0.9767672807435943 0 0.0426828514380651 0 0 0 0 0 0 0 0 0
0 -0.9246580979764083 0 0.0781103536784245 0 0 0 0 0 0 0 0 0
0 -0.8725489152092223 0 0.0883442911708469 0 0 0 0 0 0 0 0 0
0 -0.8204397324420363 0 0.1102583556381733 0 0 0 0 0 0 0 0 0
0 -0.7683305496748503 0 0.068356909431938 0 0 0 0 0 0 0 0 0
0 -0.7162213669076642 0 0.0572506523360075 0 0 0 0 0 0 0 0 0
0 -0.6641121841404782 0 0.0652519581426021 0 0 0 0 0 0 0 0 0
0 -0.6120030013732922 0 0.0391769747014946 0 0 0 0 0 0 0 0 0
0 -0.5598938186061062 0 0.0348801468782919 0 0 0 0 0 0 0 0 0
0 -0.5077846358389202 0 0.0688333131070208 0 0 0 0 0 0 0 0 0
0 -0.4556754530717342 0 0.1069719925890419 0 0 0 0 0 0 0 0 0
0 -0.40356627030454817 0 0.1190696761474405 0 0 0 0 0 0 0 0 0
0 -0.35145708753736216 0 0.0649678277439084 0 0 0 0 0 0 0 0 0
0 -0.29934790477017614 0 0.0909129817523162 0 0 0 0 0 0 0 0 0
0 -0.24723872200299013 0 0.10769013850752 0 0 0 0 0 0 0 0 0
0 -0.19512953923580412 0 0.0382477195755044 0 0 0 0 0 0 0 0 0
0 -0.1430203564686181 0 0.0337156303107489 0 0 0 0 0 0 0 0 0
0 -0.09091117370143209 0 0.0847164843845254 0 0 0 0 0 0 0 0 0
0 -0.03880199093424608 0 0.0326327446662151 0 0 0 0 0 0 0 0 0
0 0.013307191832939935 0 0.0677905562150433 0 0 0 0 0 0 0 0 0
0 0.06541637460012595 0 0.1181426573206633 0 0 0 0 0 0 0 0 0
0 0.11752555736731196 0 0.0979091729891595 0 0 0 0 0 0 0 0 0
0 0.16963474013449797 0 0.0917650642674874 0 0 0 0 0 0 0 0 0
0 0.221743922901684 0 0.1046092158568551 0 0 0 0 0 0 0 0 0
0 0.27385310566887 0 0.0345219433202396 0 0 0 0 0 0 0 0 0
0 0.325962288436056 0 0.0391967201916401 0 0 0 0 0 0 0 0 0
0 0.378071471203242 0 0.0418822299855154 0 0 0 0 0 0 0 0 0
0 0.43018065397042804 0 0.1154762370080351 0 0 0 0 0 0 0 0 0
0 0.48228983673761405 0 0.0960903134035961 0 0 0 0 0 0 0 0 0
0 0.5343990195048001 0 0.1058118967646668 0 0 0 0 0 0 0 0 0
0 0.5865082022719861 0 0.0585635398143301 0 0 0 0 0 0 0 0 0
0 0.6386173850391721 0 0.0457391596575111 0 0 0 0 0 0 0 0 0
0 0.6907265678063581 0 0.0550348557670409 0 0 0 0 0 0 0 0 0
0 0.7428357505735441 0 0.1116066944819255 0 0 0 0 0 0 0 0 0
0 0.7949449333407301 0 0.0882216376254576 0 0 0 0 0 0 0 0 0
0 0.8470541161079161 0 0.0686383959283869 0 0 0 0 0 0 0 0 0
0 0.8991632988751022 0 0.0856596673585941 0 0 0 0 0 0 0 0 0
0 0.9512724816422882 0 0.0726056054012779 0 0 0 0 0 0 0 0 0
0 1.0033816644094742 0 0.0526626140456566 0 0 0 0 0 0 0 0 0
0 1.0554908471766602 0 0.0607194016985453 0 0 0 0 0 0 0 0 0
0 1.1076000299438462 0 0.0561003028523645 0 0 0 0 0 0 0 0 0
0 1.1597092127110322 0 0.1034789937265581 0 0 0 0 0 0 0 0 0
0 1.2118183954782182 0 0.0518461745504597 0 0 0 0 0 0 0 0 0
0 1.2639275782454042 0 0.1143964360136178 0 0 0 0 0 0 0 0 0
0 1.3160367610125903 0 0.1071419355587833 0 0 0 0 0 0 0 0 0
0 1.3681459437797763 0 0.0729745622714183 0 0 0 0 0 0 0 0 0
0 1.4202551265469623 0 0.0668138972798349 0 0 0 0 0 0 0 0 0
0 1.4723643093141483 0 0.1148592664689101 0 0 0 0 0 0 0 0 0
0 1.5244734920813343 0 0.0580125422136308 0 0 0 0 0 0 0 0 0
0 1.5765826748485203 0 0.1173148106448544 0 0 0 0 0 0 0 0 0
0 1.6286918576157063 0 0.0427635171149162 0 0 0 0 0 0 0 0 0
0 1.6808010403828924 0 0.0766127232100678 0 0 0 0 0 0 0 0 0
0 1.7329102231500784 0 0.0468622313036129 0 0 0 0 0 0 0 0 0
0 1.7850194059172644 0 0.0800096269440611 0 0 0 0 0 0 0 0 0
0 1.8371285886844504 0 0.0525951798433822 0 0 0 0 0 0 0 0 0
0 1.8892377714516364 0 0.0397670488626896 0 0 0 0 0 0 0 0 0
0 1.9413469542188224 0 0.0588456594530488 0 0 0 0 0 0 0 0 0
0 1.9934561369860084 0 0.100980752230366 0 0 0 0 0 0 0 0 0
0 2.0455653197531944 0 0.0858962063103682 0 0 0 0 0 0 0 0 0
0 2.0976745025203805 0 0.0769021105833785 0 0 0 0 0 0 0 0 0
0 2.1497836852875665 0 0.0668659119587788 0 0 0 0 0 0 0 0 0
0 2.2018928680547525 0 0.1069480606086201 0 0 0 0 0 0 0 0 0
0 2.2540020508219385 0 0.0533911126648375 0 0 0 0 0 0 0 0 0
0 2.3061112335891245 0 0.0848417116138249 0 0 0 0 0 0 0 0 0
0 2.3582204163563105 0 0.0385719802538943 0 0 0 0 0 0 0 0 0
0 2.4103295991234965 0 0.0938313567800118 0 0 0 0 0 0 0 0 0
0 2.4624387818906825 0 0.081329705882293 0 0 0 0 0 0 0 0 0
0 2.5145479646578686 0 0.0951866049300471 0 0 0 0 0 0 0 0 0
0 2.5666571474250546 0 0.1000438200445476 0 0 0 0 0 0 0 0 0
0 2.6187663301922406 0 0.1096931823362297 0 0 0 0 0 0 0 0 0
0 2.6708755129594266 0 0.0430886125316119 0 0 0 0 0 0 0 0 0
0 2.7229846957266126 0 0.0609427894891992 0 0 0 0 0 0 0 0 0
0 2.7750938784937986 0 0.0460191667654629 0 0 0 0 0 0 0 0 0
0 2.8272030612609846 0 0.0427891936220514 0 0 0 0 0 0 0 0 0
0 2.8793122440281707 0 0.0777068329024248 0 0 0 0 0 0 0 0 0
0 2.9314214267953567 0 0.1187760682844383 0 0 0 0 0 0 0 0 0
0 2.9835306095625427 0 0.1004436813296798 0 0 0 0 0 0 0 0 0
0 3.0356397923297287 0 0.0399241085564091 0 0 0 0 0 0 0 0 0
0 3.0877489750969147 0 0.0746837589321445 0 0 0 0 0 0 0 0 0
0 3.1398581578641007 0 0.0556027014617698 0 0 0 0 0 0 0 0 0
0 3.1919673406312867 0 0.09905105416546 0 0 0 0 0 0 0 0 0
0 3.2440765233984727 0 0.0403379886116084 0 0 0 0 0 0 0 0 0
0 3.2961857061656588 0 0.0494628302440871 0 0 0 0 0 0 0 0 0
0 3.3482948889328448 0 0.0461625662954229 0 0 0 0 0 0 0 0 0
0 3.400404071700031 0 0.0751752144579749 0 0 0 0 0 0 0 0 0
0 3.452513254467217 0 0.038944340301056 0 0 0 0 0 0 0 0 0
0 3.504622437234403 0 0.0833360973090424 0 0 0 0 0 0 0 0 0
0 3.556731620001589 0 0.0866657465393971 0 0 0 0 0 0 0 0 0
0 3.608840802768775 0 0.1105948165634544 0 0 0 0 0 0 0 0 0
0 3.660949985535961 0 0.0685552313426879 0 0 0 0 0 0 0 0 0
0 3.713059168303147 0 0.119396032301554 0 0 0 0 0 0 0 0 0
0 3.765168351070333 0 0.0481948265521881 0 0 0 0 0 0 0 0 0
0 3.817277533837519 0 0.1158231955149875 0 0 0 0 0 0 0 0 0
0 3.869386716604705 0 0.0709441788348927 0 0 0 0 0 0 0 0 0
0 3.921495899371891 0 0.0452189946635464 0 0 0 0 0 0 0 0 0
0 3.973605082139077 0 0.0833948519587465 0 0 0 0 0 0 0 0 0
0 4.025714264906263 0 0.0829401602976286 0 0 0 0 0 0 0 0 0
0 4.077823447673449 0 0.0694098307945189 0 0 0 0 0 0 0 0 0
0 4.129932630440635 0 0.106215475612839 0 0 0 0 0 0 0 0 0
0 4.182041813207821 0 0.0377284129377172 0 0 0 0 0 0 0 0 0
0 4.234150995975007 0 0.0512827882774155 0 0 0 0 0 0 0 0 0
0 4.286260178742193 0 0.044113908203988 0 0 0 0 0 0 0 0 0
0 4.338369361509379 0 0.1099808082140708 0 0 0 0 0 0 0 0 0
0 4.390478544276565 0 0.0966286081604894 0 0 0 0 0 0 0 0 0
0 4.442587727043751 0 0.0720117266154006 0 0 0 0 0 0 0 0 0
